0 225
1 479
2 237
3 104
4 131
5 158
6 269
7 480
8 487
9 300
10 291
11 289
12 69
13 377
15 444
16 365
17 454
18 155
19 318
20 105
21 410
22 234
23 187
24 42
25 316
26 174
27 273
28 376
29 68
30 411
32 336
33 260
34 402
35 15
36 76
37 95
38 370
39 380
40 477
41 429
42 482
43 324
44 373
45 232
46 87
47 170
48 498
49 20
50 199
51 85
52 132
53 88
55 381
56 389
57 385
58 121
59 181
60 443
61 350
62 195
63 261
64 114
65 209
66 375
68 197
69 315
70 491
71 481
72 293
73 448
74 189
75 39
76 414
77 101
78 345
79 14
80 91
81 110
82 211
83 483
84 25
85 438
86 394
87 111
89 106
90 400
91 136
92 441
93 177
94 57
95 450
96 386
97 164
98 352
99 117
100 149
101 43
102 246
103 169
104 126
106 227
107 222
108 340
109 22
110 99
111 437
112 493
113 399
114 461
115 463
116 203
117 265
119 435
120 235
121 18
122 331
123 65
124 168
125 422
126 334
127 364
128 228
129 404
130 403
131 421
132 276
133 396
134 212
135 436
136 97
137 217
138 37
139 382
140 198
141 67
142 262
143 330
144 263
146 297
147 499
148 28
149 361
150 257
151 154
152 137
153 464
154 406
155 494
156 433
157 173
158 469
159 449
160 428
161 298
162 322
163 306
165 312
166 55
167 326
168 423
169 398
170 139
171 2
172 156
173 434
174 349
175 254
176 138
177 476
178 387
179 282
180 278
181 346
182 51
183 188
184 182
185 30
186 255
187 285
189 183
190 159
191 366
192 311
193 220
194 294
195 465
196 418
197 116
198 135
199 362
200 329
201 204
202 208
203 47
204 249
205 160
206 175
207 125
208 270
209 38
210 347
211 128
212 130
213 77
214 290
215 252
216 221
217 129
218 277
219 196
220 266
221 186
222 215
223 367
224 321
225 23
226 13
227 245
228 353
229 180
230 133
231 145
232 64
233 109
234 292
235 9
236 478
237 233
238 468
239 332
240 470
241 296
242 391
243 456
244 73
245 268
246 452
247 360
248 258
249 3
252 166
253 81
254 320
255 426
256 92
257 384
258 140
259 142
260 124
261 431
262 250
263 412
264 388
265 304
266 34
267 274
268 310
269 50
270 283
271 66
272 342
273 348
274 16
275 36
276 272
277 8
278 314
279 457
280 446
281 143
282 21
283 459
284 239
285 472
286 301
287 440
288 287
289 319
290 165
291 486
292 62
293 11
294 401
295 206
296 417
297 281
298 355
299 430
300 307
301 26
302 41
303 416
305 35
306 219
307 176
308 305
309 397
310 185
311 210
313 447
314 427
315 419
316 53
317 288
318 408
319 369
320 374
322 497
323 256
325 141
326 317
327 6
328 344
329 264
330 201
331 378
332 339
333 267
334 253
335 432
336 172
337 392
338 74
339 462
340 383
341 61
342 242
343 467
344 356
345 144
346 75
347 223
348 113
349 458
350 488
351 89
352 492
353 59
355 424
356 93
357 12
358 460
359 192
360 259
361 52
362 84
363 79
364 102
365 96
366 333
367 191
369 251
370 371
371 229
372 358
373 171
374 44
375 485
376 224
377 29
378 193
379 496
380 70
381 475
382 17
383 179
384 363
385 0
386 112
387 7
389 248
390 236
391 32
392 151
393 148
394 379
395 207
396 359
397 40
398 147
399 218
400 240
402 27
403 241
404 302
405 368
406 415
407 372
408 119
409 90
410 495
411 425
412 299
413 484
414 161
415 150
416 455
417 48
418 395
419 45
420 205
421 83
422 442
423 190
424 167
425 407
426 279
427 24
428 178
429 343
430 94
431 58
432 214
434 280
435 284
436 489
437 308
438 163
439 309
440 226
441 471
442 108
443 86
444 78
445 213
446 63
447 56
448 328
449 118
452 327
453 184
454 19
455 453
456 409
457 123
458 33
460 103
461 146
462 390
463 271
464 275
465 303
466 5
467 115
468 338
469 473
470 107
471 46
472 474
473 4
474 82
475 351
476 413
477 153
478 420
479 439
480 445
481 335
482 337
483 405
484 194
485 60
486 244
487 238
488 295
489 216
490 231
491 157
492 49
495 357
496 72
497 120
498 286
499 71
14 41
31 467
54 334
67 0
88 169
105 224
118 478
145 358
164 462
188 464
250 205
251 145
304 281
312 327
321 461
324 491
354 495
368 442
388 327
401 436
433 391
450 104
451 402
459 153
493 292
494 382
