0 -1
1 -1
2 -1
3 -1
4 -1
5 -1
6 311
7 290
8 364
9 -1
10 -1
11 -1
12 82
13 66
14 136
15 113
16 129
17 -1
18 -1
19 128
20 240
21 -1
22 101
23 -1
24 -1
25 -1
26 61
27 -1
28 -1
29 167
30 -1
31 -1
32 -1
33 -1
34 -1
35 -1
36 -1
37 -1
38 -1
39 -1
40 -1
41 0
42 -1
43 -1
44 -1
45 -1
46 -1
47 -1
48 -1
49 -1
50 -1
51 -1
52 -1
53 182
54 -1
55 310
56 -1
57 329
58 -1
59 -1
60 334
61 11
62 -1
63 -1
64 -1
65 -1
66 -1
67 -1
68 -1
69 -1
70 96
71 -1
72 -1
73 188
74 -1
75 -1
76 370
77 -1
78 -1
79 -1
80 -1
81 155
82 261
83 -1
84 218
85 -1
86 -1
87 -1
88 -1
89 -1
90 -1
91 314
92 342
93 -1
94 -1
95 -1
96 46
97 -1
98 -1
99 393
100 -1
101 137
102 -1
103 -1
104 -1
105 -1
106 -1
107 241
108 358
109 -1
110 288
111 -1
112 4
113 146
114 -1
115 -1
116 -1
117 -1
118 -1
119 -1
120 -1
121 -1
122 -1
123 -1
124 62
125 225
126 325
127 356
128 -1
129 -1
130 177
131 -1
132 355
133 -1
134 122
135 -1
136 242
137 -1
138 299
139 -1
140 362
141 -1
142 -1
143 -1
144 -1
145 -1
146 -1
147 374
148 297
149 148
150 -1
151 -1
152 -1
153 23
154 250
155 359
156 -1
157 296
158 -1
159 -1
160 -1
161 -1
162 378
163 -1
164 -1
165 -1
166 -1
167 -1
168 -1
169 48
170 -1
171 -1
172 384
173 245
174 -1
175 -1
176 -1
177 -1
178 -1
179 -1
180 -1
181 -1
182 -1
183 -1
184 -1
185 -1
186 216
187 -1
188 -1
189 -1
190 -1
191 -1
192 -1
193 324
194 -1
195 -1
196 -1
197 -1
198 -1
199 -1
200 252
201 -1
202 368
203 -1
204 -1
205 -1
206 210
207 68
208 -1
209 -1
210 284
211 -1
212 12
213 209
214 366
215 -1
216 -1
217 -1
218 -1
219 -1
220 -1
221 37
222 -1
223 336
224 -1
225 -1
226 -1
227 339
228 -1
229 42
230 89
231 316
232 -1
233 -1
234 331
235 -1
236 301
237 350
238 -1
239 -1
240 -1
241 -1
242 -1
243 43
244 -1
245 -1
246 -1
247 390
248 -1
249 -1
250 -1
251 141
252 114
253 -1
254 -1
255 289
256 239
257 180
258 -1
259 -1
260 -1
261 170
262 -1
263 -1
264 -1
265 -1
266 -1
267 200
268 254
269 130
270 -1
271 7
272 -1
273 -1
274 -1
275 -1
276 -1
277 -1
278 169
279 -1
280 60
281 -1
282 -1
283 341
284 256
285 -1
286 -1
287 388
288 326
289 375
290 93
291 -1
292 266
293 -1
294 -1
295 20
296 -1
297 -1
298 74
299 -1
300 392
301 348
302 -1
303 -1
304 139
305 75
306 -1
307 -1
308 -1
309 -1
310 -1
311 -1
312 -1
313 -1
314 -1
315 -1
316 2
317 273
318 -1
319 -1
320 109
321 78
322 -1
323 -1
324 -1
325 -1
326 -1
327 -1
328 -1
329 -1
330 -1
331 -1
332 -1
333 291
334 -1
335 -1
336 -1
337 -1
338 -1
339 -1
340 184
341 161
342 -1
343 91
344 -1
345 -1
346 25
347 172
348 -1
349 259
350 -1
351 -1
352 -1
353 143
354 -1
355 87
356 327
357 -1
358 -1
359 160
360 -1
361 367
362 304
363 -1
364 -1
365 154
366 -1
367 -1
368 -1
369 -1
370 383
371 -1
372 -1
373 -1
374 -1
375 285
376 -1
377 -1
378 -1
379 -1
380 -1
381 -1
382 -1
383 -1
384 -1
385 -1
386 321
387 315
388 -1
389 -1
390 361
391 -1
392 271
393 -1
394 -1
395 -1
396 -1
397 -1
398 -1
399 386
400 203
401 -1
402 387
403 -1
404 150
405 -1
406 -1
407 -1
408 -1
409 -1
410 -1
411 -1
412 236
413 263
414 -1
415 195
416 330
417 193
418 -1
419 332
420 308
421 135
422 3
423 371
424 -1
425 306
426 -1
427 224
428 -1
429 -1
430 -1
431 -1
432 30
433 220
434 -1
435 -1
436 363
437 -1
438 -1
439 -1
440 -1
441 -1
442 -1
443 -1
444 -1
445 6
446 -1
447 -1
448 58
449 -1
450 -1
451 -1
452 -1
453 -1
454 -1
455 -1
456 -1
457 -1
458 -1
459 -1
460 -1
461 -1
462 376
463 207
464 119
465 165
466 396
467 189
468 -1
469 -1
470 -1
471 206
472 50
473 -1
474 -1
475 95
476 223
477 163
478 249
479 -1
480 -1
481 354
482 -1
483 320
484 238
485 309
486 -1
487 199
488 -1
489 -1
490 -1
491 15
492 -1
493 319
494 -1
495 157
496 -1
497 -1
498 -1
499 -1
500 -1
501 351
502 -1
503 -1
504 277
505 33
506 -1
507 -1
508 -1
509 -1
510 -1
511 -1
512 -1
513 213
514 166
515 -1
516 -1
517 -1
518 -1
519 -1
520 360
521 -1
522 94
523 -1
524 -1
525 305
526 -1
527 -1
528 117
529 127
530 -1
531 -1
532 232
533 292
534 149
535 -1
536 -1
537 -1
538 -1
539 79
540 204
541 -1
542 -1
543 162
544 -1
545 -1
546 -1
547 -1
548 270
549 -1
550 -1
551 -1
552 -1
553 237
554 92
555 287
556 -1
557 -1
558 -1
559 -1
560 -1
561 -1
562 21
563 51
564 -1
565 -1
566 52
567 -1
568 -1
569 -1
570 243
571 103
572 80
573 -1
574 -1
575 -1
576 192
577 352
578 -1
579 -1
580 255
581 -1
582 123
583 -1
584 221
585 -1
586 126
587 81
588 -1
589 373
590 -1
591 -1
592 36
593 168
594 276
595 201
596 365
597 267
598 -1
599 197
600 227
601 -1
602 -1
603 -1
604 -1
605 -1
606 215
607 -1
608 303
609 -1
610 -1
611 337
612 -1
613 -1
614 -1
615 -1
616 385
617 -1
618 -1
619 40
620 -1
621 -1
622 44
623 -1
624 -1
625 -1
626 -1
627 102
628 251
629 -1
630 -1
631 -1
632 -1
633 -1
634 -1
635 -1
636 -1
637 -1
638 104
639 318
640 -1
641 -1
642 -1
643 -1
644 -1
645 -1
646 298
647 -1
648 -1
649 -1
650 -1
651 -1
652 159
653 -1
654 -1
655 312
656 -1
657 -1
658 -1
659 333
660 -1
661 133
662 27
663 31
664 -1
665 -1
666 -1
667 -1
668 335
669 -1
670 -1
671 -1
672 142
673 -1
674 -1
675 349
676 -1
677 -1
678 -1
679 5
680 -1
681 -1
682 275
683 -1
684 269
685 -1
686 -1
687 -1
688 293
689 -1
690 47
691 -1
692 -1
693 -1
694 -1
695 125
696 -1
697 -1
698 -1
699 116
700 -1
701 -1
702 84
703 -1
704 -1
705 -1
706 -1
707 -1
708 158
709 -1
710 -1
711 73
712 -1
713 -1
714 57
715 -1
716 -1
717 -1
718 -1
719 190
720 -1
721 -1
722 181
723 -1
724 -1
725 -1
726 -1
727 -1
728 -1
729 32
730 -1
731 147
732 208
733 380
734 -1
735 -1
736 71
737 -1
738 233
739 229
740 -1
741 -1
742 41
743 -1
744 313
745 -1
746 171
747 198
748 -1
749 389
750 -1
751 -1
752 -1
753 -1
754 -1
755 -1
756 230
757 -1
758 246
759 -1
760 -1
761 -1
762 283
763 -1
764 -1
765 -1
766 -1
767 -1
768 -1
769 -1
770 -1
771 338
772 -1
773 -1
774 -1
775 262
776 -1
777 -1
778 345
779 187
780 -1
781 -1
782 260
783 -1
784 -1
785 -1
786 -1
787 -1
788 -1
789 -1
790 -1
791 279
792 -1
793 -1
794 -1
795 -1
796 -1
797 -1
798 -1
799 391
800 394
801 -1
802 -1
803 -1
804 -1
805 294
806 -1
807 85
808 -1
809 322
810 280
811 272
812 -1
813 -1
814 115
815 18
816 -1
817 -1
818 264
819 -1
820 -1
821 258
822 247
823 55
824 -1
825 -1
826 -1
827 -1
828 -1
829 346
830 -1
831 -1
832 -1
833 -1
834 -1
835 -1
836 -1
837 -1
838 29
839 63
840 -1
841 -1
842 295
843 -1
844 -1
845 72
846 112
847 -1
848 -1
849 -1
850 49
851 191
852 -1
853 -1
854 -1
855 35
856 -1
857 185
858 -1
859 -1
860 -1
861 -1
862 -1
863 98
864 -1
865 -1
866 34
867 39
868 -1
869 -1
870 -1
871 -1
872 -1
873 -1
874 257
875 -1
876 -1
877 -1
878 381
879 -1
880 -1
881 202
882 186
883 -1
884 8
885 347
886 -1
887 -1
888 -1
889 -1
890 -1
891 -1
892 88
893 132
894 -1
895 -1
896 90
897 83
898 -1
899 -1
900 156
901 353
902 -1
903 144
904 -1
905 265
906 -1
907 382
908 -1
909 17
910 -1
911 -1
912 344
913 323
914 -1
915 -1
916 -1
917 120
918 67
919 300
920 -1
921 317
922 -1
923 -1
924 -1
925 -1
926 -1
927 134
928 234
929 -1
930 -1
931 -1
932 -1
933 -1
934 14
935 -1
936 -1
937 244
938 106
939 -1
940 -1
941 377
942 -1
943 278
944 -1
945 -1
946 -1
947 214
948 -1
949 -1
950 -1
951 -1
952 175
953 -1
954 86
955 -1
956 138
957 -1
958 -1
959 -1
960 -1
961 -1
962 -1
963 -1
964 76
965 -1
966 -1
967 369
968 -1
969 -1
970 -1
971 -1
972 -1
973 -1
974 -1
975 -1
976 -1
977 -1
978 211
979 379
980 54
981 -1
982 -1
983 -1
984 -1
985 -1
986 -1
987 38
988 -1
989 395
990 286
991 -1
992 -1
993 -1
994 268
995 -1
996 343
997 -1
998 253
999 -1
1000 -1
1001 -1
1002 -1
