30 20
12
3
5
11
15
5
4
4
8
15
6
6
2
13
2
12
11
3
13
7
7
10
3
4
8
8
7
12
9
6
3
7
12
4
10
8
3
5
11
10
9
7
3
4
4
15
7
2
9
14
3
15
8
13
13
5
9
7
5
14
2
6
6
13
4
2
11
3
5
14
12
1
6
10
11
6
7
7
4
9
10
9
10
5
7
6
2
12
12
14
10
10
12
14
3
14
9
13
10
12
4
6
5
4
10
1
13
12
9
7
12
6
15
8
1
10
3
4
13
13
2
1
12
7
6
3
1
5
12
8
6
11
7
5
2
11
13
12
8
13
8
3
4
4
6
15
5
9
12
4
3
2
12
11
4
9
1
12
13
6
11
15
10
3
9
4
11
7
3
6
2
12
15
11
7
7
4
10
4
5
2
10
9
5
4
9
1
9
8
3
9
14
4
14
3
7
1
3
14
5
15
12
6
7
6
15
5
12
14
4
15
14
10
15
5
3
1
11
4
4
14
13
5
9
9
1
4
4
1
12
9
12
15
9
5
8
13
13
14
8
9
15
11
3
9
12
1
14
2
7
3
10
3
1
4
12
8
12
6
9
5
13
10
7
12
4
3
7
2
15
3
7
8
15
6
3
6
6
4
5
12
4
7
10
1
14
8
11
3
11
14
2
13
13
8
3
15
10
12
15
12
10
14
13
6
11
15
5
2
3
11
1
14
4
15
4
5
2
8
5
5
8
7
5
14
6
13
2
12
11
9
8
6
10
10
2
12
2
12
9
9
11
1
14
13
9
3
6
9
7
2
14
7
8
2
5
7
3
5
2
1
6
14
12
15
15
13
10
4
15
10
6
6
10
2
4
5
3
9
9
8
6
4
12
3
11
3
5
15
10
10
15
13
15
14
6
3
8
4
3
14
6
9
14
3
6
13
6
9
8
3
5
3
1
14
5
14
3
12
7
14
13
1
9
1
12
3
8
3
12
15
11
3
6
4
15
6
11
11
9
2
6
12
3
11
11
6
15
11
10
15
11
12
5
9
8
2
12
14
4
2
15
14
10
15
8
11
13
11
7
11
3
11
6
7
3
14
4
10
10
8
2
1
8
13
15
1
8
5
9
14
6
3
8
4
12
3
2
11
6
5
11
8
2
6
2
2
7
7
3
4
11
1
15
9
14
6
2
3
15
1
14
14
14
11
3
3
1
4
5
9
11
8
15
13
9
9
8
2
6
1
4
4
10
11
1
2
10
11
2
13
11
14
11
7
12
7
13
7
8
13
7
5
7
12
3
8
3
13
7
6
12
4
10
5
6
5
8
7
6
9
13
15
5
10
8
8
15
3
9
13
9
12
11
3
4
11
9
4
3
